CO2	VOC	CO	LPG	Methane	Smoke	Humidity	Temp	Light
								
238.158777 0.260013 2.248132 2.776466 2.973265 1.324472 1.324472 24.688119 33.079091 75.291672								
231.208565 0.250907 2.245503 2.811188 3.023366 1.335970 1.335970 24.688119 33.079091 75.173110								
231.208565 0.250907 2.247255 2.793794 2.998241 1.330216 1.330216 24.671479 33.012960 75.217571								
230.521303 0.250009 2.249886 2.780792 2.979495 1.325907 1.325907 24.685742 33.069644 75.143469								
230.521303 0.250009 2.249009 2.776466 2.973265 1.324472 1.324472 24.678610 33.041302 75.254622								
231.897233 0.251807 2.242875 2.789456 2.991983 1.328779 1.328779 24.666725 32.994066 75.239801								
225.749694 0.243794 2.246379 2.793794 2.998241 1.330216 1.330216 24.690496 33.088538 75.180520								
229.835445 0.249114 2.244627 2.811188 3.023366 1.335970 1.335970 24.688119 33.079091 75.254622								
228.467935 0.247331 2.249009 2.780792 2.979495 1.325907 1.325907 24.676233 33.031855 75.247211								
231.208565 0.250907 2.246379 2.798136 3.004508 1.331653 1.331653 24.678610 33.041302 75.336133								
233.971688 0.254521 2.248132 2.772144 2.967044 1.323038 1.323038 24.692873 33.097986 75.247211								
231.897233 0.251807 2.246379 2.806833 3.017071 1.334531 1.334531 24.690496 33.088538 75.099009								
234.665996 0.255430 2.247255 2.785122 2.985735 1.327343 1.327343 24.700004 33.126327 75.269442								
230.521303 0.250009 2.246379 2.776466 2.973265 1.324472 1.324472 24.688119 33.079091 75.143469								
229.835445 0.249114 2.242875 2.789456 2.991983 1.328779 1.328779 24.680987 33.050749 75.276852								
231.208565 0.250907 2.245503 2.811188 3.023366 1.335970 1.335970 24.680987 33.050749 75.180520								
230.521303 0.250009 2.246379 2.789456 2.991983 1.328779 1.328779 24.676233 33.031855 75.150880								
233.278793 0.253614 2.242000 2.793794 2.998241 1.330216 1.330216 24.669102 33.003513 75.247211								
231.208565 0.250907 2.241125 2.776466 2.973265 1.324472 1.324472 24.678610 33.041302 75.202751								
232.587308 0.252709 2.240250 2.772144 2.967044 1.323038 1.323038 24.695250 33.107433 75.239801								
233.971688 0.254521 2.243751 2.789456 2.991983 1.328779 1.328779 24.683365 33.060197 75.224981								
230.521303 0.250009 2.242000 2.785122 2.985735 1.327343 1.327343 24.690496 33.088538 75.143469								
227.786280 0.246443 2.244627 2.785122 2.985735 1.327343 1.327343 24.692873 33.097986 75.187930								
227.106022 0.245558 2.242875 2.767826 2.960833 1.321604 1.321604 24.671479 33.012960 75.113829								
233.971688 0.254521 2.245503 2.806833 3.017071 1.334531 1.334531 24.683365 33.060197 75.180520								
229.835445 0.249114 2.235007 2.776466 2.973265 1.324472 1.324472 24.692873 33.097986 75.158290								
231.897233 0.251807 2.246379 2.798136 3.004508 1.331653 1.331653 24.680987 33.050749 75.106419								
228.467935 0.247331 2.240250 2.811188 3.023366 1.335970 1.335970 24.678610 33.041302 75.158290								
235.361717 0.256342 2.243751 2.772144 2.967044 1.323038 1.323038 24.692873 33.097986 75.128649								
234.665996 0.255430 2.242000 2.767826 2.960833 1.321604 1.321604 24.685742 33.069644 75.224981								
229.150989 0.248222 2.239376 2.763513 2.954630 1.320172 1.320172 24.685742 33.069644 75.313903								
229.150989 0.248222 2.244627 2.763513 2.954630 1.320172 1.320172 24.683365 33.060197 75.187930								
229.835445 0.249114 2.242875 2.780792 2.979495 1.325907 1.325907 24.709513 33.164116 75.269442								
227.786280 0.246443 2.240250 2.785122 2.985735 1.327343 1.327343 24.697627 33.116880 75.165700								
234.665996 0.255430 2.244627 2.806833 3.017071 1.334531 1.334531 24.678610 33.041302 75.254622								
231.897233 0.251807 2.242875 2.828648 3.048640 1.341736 1.341736 24.676233 33.031855 75.202751								
231.208565 0.250907 2.247255 2.780792 2.979495 1.325907 1.325907 24.669102 33.003513 75.195340								
229.835445 0.249114 2.242875 2.785122 2.985735 1.327343 1.327343 24.700004 33.126327 75.262032								
231.897233 0.251807 2.239376 2.776466 2.973265 1.324472 1.324472 24.695250 33.107433 75.180520								
229.835445 0.249114 2.243751 2.789456 2.991983 1.328779 1.328779 24.695250 33.107433 75.247211								
230.521303 0.250009 2.244627 2.785122 2.985735 1.327343 1.327343 24.690496 33.088538 75.232391								
232.587308 0.252709 2.246379 2.802483 3.010785 1.333092 1.333092 24.690496 33.088538 75.187930								
233.971688 0.254521 2.251641 2.746300 2.929913 1.314447 1.314447 24.697627 33.116880 75.328723								
229.835445 0.249114 2.249009 2.780792 2.979495 1.325907 1.325907 24.695250 33.107433 75.180520								
231.897233 0.251807 2.239376 2.776466 2.973265 1.324472 1.324472 24.700004 33.126327 75.262032								
229.835445 0.249114 2.240250 2.785122 2.985735 1.327343 1.327343 24.678610 33.041302 75.276852								
231.208565 0.250907 2.247255 2.776466 2.973265 1.324472 1.324472 24.683365 33.060197 75.173110								
232.587308 0.252709 2.242000 2.793794 2.998241 1.330216 1.330216 24.719021 33.201905 75.276852								
232.587308 0.252709 2.245503 2.789456 2.991983 1.328779 1.328779 24.683365 33.060197 75.232391								
233.278793 0.253614 2.247255 2.780792 2.979495 1.325907 1.325907 24.700004 33.126327 75.306493								
227.786280 0.246443 2.248132 2.785122 2.985735 1.327343 1.327343 24.680987 33.050749 75.232391								
227.786280 0.246443 2.248132 2.759204 2.948437 1.318740 1.318740 24.709513 33.164116 75.180520								
227.786280 0.246443 2.256912 2.780792 2.979495 1.325907 1.325907 24.704759 33.145222 75.284262								
232.587308 0.252709 2.249009 2.767826 2.960833 1.321604 1.321604 24.695250 33.107433 75.143469								
233.278793 0.253614 2.237628 2.815547 3.029671 1.337411 1.337411 24.697627 33.116880 75.306493								
229.150989 0.248222 2.239376 2.776466 2.973265 1.324472 1.324472 24.711890 33.173564 75.247211								
233.278793 0.253614 2.245503 2.776466 2.973265 1.324472 1.324472 24.680987 33.050749 75.195340								
230.521303 0.250009 2.247255 2.772144 2.967044 1.323038 1.323038 24.702381 33.135775 75.276852								
235.361717 0.256342 2.234134 2.789456 2.991983 1.328779 1.328779 24.678610 33.041302 75.195340								
229.150989 0.248222 2.243751 2.793794 2.998241 1.330216 1.330216 24.690496 33.088538 75.321313								
231.897233 0.251807 2.237628 2.815547 3.029671 1.337411 1.337411 24.702381 33.135775 75.254622								
231.208565 0.250907 2.242875 2.780792 2.979495 1.325907 1.325907 24.702381 33.135775 75.239801								
229.835445 0.249114 2.242875 2.772144 2.967044 1.323038 1.323038 24.678610 33.041302 75.291672								
229.150989 0.248222 2.240250 2.759204 2.948437 1.318740 1.318740 24.683365 33.060197 75.136059								
230.521303 0.250009 2.238502 2.802483 3.010785 1.333092 1.333092 24.683365 33.060197 75.254622								
229.835445 0.249114 2.239376 2.798136 3.004508 1.331653 1.331653 24.638200 32.880699 75.210161								
225.749694 0.243794 2.242000 2.780792 2.979495 1.325907 1.325907 24.678610 33.041302 75.195340								
233.971688 0.254521 2.236754 2.754898 2.942253 1.317308 1.317308 24.702381 33.135775 75.187930								
229.835445 0.249114 2.233261 2.780792 2.979495 1.325907 1.325907 24.678610 33.041302 75.106419								
229.150989 0.248222 2.243751 2.798136 3.004508 1.331653 1.331653 24.680987 33.050749 75.202751								
226.427161 0.244674 2.243751 2.763513 2.954630 1.320172 1.320172 24.661971 32.975171 75.202751								
236.058854 0.257256 2.244627 2.789456 2.991983 1.328779 1.328779 24.685742 33.069644 75.136059								
233.971688 0.254521 2.245503 2.759204 2.948437 1.318740 1.318740 24.671479 33.012960 75.269442								
228.467935 0.247331 2.237628 2.776466 2.973265 1.324472 1.324472 24.688119 33.079091 75.328723								
227.786280 0.246443 2.236754 2.806833 3.017071 1.334531 1.334531 24.692873 33.097986 75.543617								
226.427161 0.244674 2.236754 2.772144 2.967044 1.323038 1.323038 24.678610 33.041302 75.224981								
231.897233 0.251807 2.236754 2.793794 2.998241 1.330216 1.330216 24.673856 33.022408 75.180520								
229.150989 0.248222 2.242000 2.789456 2.991983 1.328779 1.328779 24.685742 33.069644 75.210161								
227.106022 0.245558 2.237628 2.785122 2.985735 1.327343 1.327343 24.685742 33.069644 75.136059								
231.897233 0.251807 2.235880 2.780792 2.979495 1.325907 1.325907 24.688119 33.079091 75.217571								
232.587308 0.252709 2.235880 2.772144 2.967044 1.323038 1.323038 24.688119 33.079091 75.306493								
225.749694 0.243794 2.233261 2.763513 2.954630 1.320172 1.320172 24.680987 33.050749 75.158290								
233.971688 0.254521 2.235880 2.780792 2.979495 1.325907 1.325907 24.697627 33.116880 75.202751								
231.897233 0.251807 2.231516 2.793794 2.998241 1.330216 1.330216 24.669102 33.003513 75.069368								
227.786280 0.246443 2.233261 2.798136 3.004508 1.331653 1.331653 24.671479 33.012960 75.173110								
230.521303 0.250009 2.232388 2.789456 2.991983 1.328779 1.328779 24.664348 32.984618 75.217571								
226.427161 0.244674 2.225416 2.789456 2.991983 1.328779 1.328779 24.676233 33.031855 75.165700								
228.467935 0.247331 2.230644 2.789456 2.991983 1.328779 1.328779 24.776072 33.428640 75.217571								
232.587308 0.252709 2.231516 2.776466 2.973265 1.324472 1.324472 24.666725 32.994066 75.143469								
229.835445 0.249114 2.222805 2.780792 2.979495 1.325907 1.325907 24.669102 33.003513 75.210161								
230.521303 0.250009 2.228900 2.780792 2.979495 1.325907 1.325907 24.678610 33.041302 75.269442								
229.150989 0.248222 2.228900 2.767826 2.960833 1.321604 1.321604 24.678610 33.041302 75.158290								
231.897233 0.251807 2.228029 2.806833 3.017071 1.334531 1.334531 24.697627 33.116880 75.150880								
233.278793 0.253614 2.234134 2.776466 2.973265 1.324472 1.324472 24.695250 33.107433 75.158290								
227.106022 0.245558 2.229772 2.793794 2.998241 1.330216 1.330216 24.690496 33.088538 75.232391								
233.971688 0.254521 2.221066 2.793794 2.998241 1.330216 1.330216 24.678610 33.041302 75.210161								
231.897233 0.251807 2.223675 2.780792 2.979495 1.325907 1.325907 24.685742 33.069644 75.262032								
229.150989 0.248222 2.227158 2.811188 3.023366 1.335970 1.335970 24.700004 33.126327 75.254622								
231.897233 0.251807 2.221066 2.785122 2.985735 1.327343 1.327343 24.683365 33.060197 75.195340								
233.971688 0.254521 2.230644 2.776466 2.973265 1.324472 1.324472 24.695250 33.107433 75.284262								
233.278793 0.253614 2.228029 2.789456 2.991983 1.328779 1.328779 24.688119 33.079091 75.269442								
227.786280 0.246443 2.228900 2.789456 2.991983 1.328779 1.328779 24.671479 33.012960 75.173110								
236.058854 0.257256 2.227158 2.789456 2.991983 1.328779 1.328779 24.688119 33.079091 75.202751								
233.278793 0.253614 2.221936 2.806833 3.017071 1.334531 1.334531 24.673856 33.022408 75.069368								
230.521303 0.250009 2.222805 2.772144 2.967044 1.323038 1.323038 24.661971 32.975171 75.217571								
229.835445 0.249114 2.222805 2.806833 3.017071 1.334531 1.334531 24.661971 32.975171 75.232391								
229.835445 0.249114 2.221936 2.811188 3.023366 1.335970 1.335970 24.657216 32.956277 75.165700								
231.897233 0.251807 2.227158 2.798136 3.004508 1.331653 1.331653 24.704759 33.145222 75.239801								
227.786280 0.246443 2.222805 2.763513 2.954630 1.320172 1.320172 24.664348 32.984618 75.121239								
230.521303 0.250009 2.219328 2.802483 3.010785 1.333092 1.333092 24.676233 33.031855 75.254622								
236.757409 0.258173 2.212384 2.798136 3.004508 1.331653 1.331653 24.680987 33.050749 75.224981								
231.208565 0.250907 2.215854 2.767826 2.960833 1.321604 1.321604 24.690496 33.088538 75.254622								
227.106022 0.245558 2.219328 2.780792 2.979495 1.325907 1.325907 24.690496 33.088538 75.195340								
231.208565 0.250907 2.217591 2.798136 3.004508 1.331653 1.331653 24.688119 33.079091 75.099009								
232.587308 0.252709 2.220197 2.772144 2.967044 1.323038 1.323038 24.688119 33.079091 75.254622								
227.106022 0.245558 2.214119 2.802483 3.010785 1.333092 1.333092 24.657216 32.956277 75.202751								
233.278793 0.253614 2.215854 2.780792 2.979495 1.325907 1.325907 24.666725 32.994066 75.128649								
229.835445 0.249114 2.224546 2.754898 2.942253 1.317308 1.317308 24.666725 32.994066 75.128649								
228.467935 0.247331 2.216722 2.780792 2.979495 1.325907 1.325907 24.671479 33.012960 75.106419								
229.835445 0.249114 2.221066 2.793794 2.998241 1.330216 1.330216 24.688119 33.079091 75.202751								
228.467935 0.247331 2.217591 2.802483 3.010785 1.333092 1.333092 24.685742 33.069644 75.217571								
232.587308 0.252709 2.214119 2.806833 3.017071 1.334531 1.334531 24.678610 33.041302 75.113829								
227.786280 0.246443 2.217591 2.793794 2.998241 1.330216 1.330216 24.683365 33.060197 75.217571								
229.835445 0.249114 2.221936 2.785122 2.985735 1.327343 1.327343 24.652462 32.937382 75.076778								
229.835445 0.249114 2.213251 2.759204 2.948437 1.318740 1.318740 24.680987 33.050749 75.254622								
230.521303 0.250009 2.219328 2.780792 2.979495 1.325907 1.325907 24.680987 33.050749 75.173110								
230.521303 0.250009 2.215854 2.806833 3.017071 1.334531 1.334531 24.669102 33.003513 75.113829								
231.208565 0.250907 2.221066 2.785122 2.985735 1.327343 1.327343 24.700004 33.126327 75.187930								
229.150989 0.248222 2.219328 2.785122 2.985735 1.327343 1.327343 24.673856 33.022408 75.061958								
229.150989 0.248222 2.222805 2.793794 2.998241 1.330216 1.330216 24.702381 33.135775 75.187930								
231.208565 0.250907 2.223675 2.767826 2.960833 1.321604 1.321604 24.685742 33.069644 75.202751								
231.897233 0.251807 2.224546 2.802483 3.010785 1.333092 1.333092 24.683365 33.060197 75.136059								
229.835445 0.249114 2.216722 2.776466 2.973265 1.324472 1.324472 24.678610 33.041302 75.180520								
233.971688 0.254521 2.221066 2.780792 2.979495 1.325907 1.325907 24.688119 33.079091 75.113829								
227.786280 0.246443 2.224546 2.789456 2.991983 1.328779 1.328779 24.704759 33.145222 75.187930								
231.208565 0.250907 2.224546 2.772144 2.967044 1.323038 1.323038 24.688119 33.079091 75.232391								
230.521303 0.250009 2.221066 2.776466 2.973265 1.324472 1.324472 24.680987 33.050749 75.150880								
229.835445 0.249114 2.221066 2.767826 2.960833 1.321604 1.321604 24.690496 33.088538 75.173110								
226.427161 0.244674 2.216722 2.767826 2.960833 1.321604 1.321604 24.671479 33.012960 75.136059								
228.467935 0.247331 2.221066 2.793794 2.998241 1.330216 1.330216 24.685742 33.069644 75.202751								
231.897233 0.251807 2.225416 2.785122 2.985735 1.327343 1.327343 24.709513 33.164116 75.232391								
231.208565 0.250907 2.221936 2.754898 2.942253 1.317308 1.317308 24.690496 33.088538 75.232391								
230.521303 0.250009 2.230644 2.780792 2.979495 1.325907 1.325907 24.704759 33.145222 75.254622								
232.587308 0.252709 2.227158 2.776466 2.973265 1.324472 1.324472 24.690496 33.088538 75.239801								
231.897233 0.251807 2.221936 2.793794 2.998241 1.330216 1.330216 24.702381 33.135775 75.247211								
227.786280 0.246443 2.225416 2.806833 3.017071 1.334531 1.334531 24.700004 33.126327 75.247211								
228.467935 0.247331 2.225416 2.772144 2.967044 1.323038 1.323038 24.673856 33.022408 75.158290								
231.208565 0.250907 2.221936 2.802483 3.010785 1.333092 1.333092 24.690496 33.088538 75.195340								
232.587308 0.252709 2.224546 2.785122 2.985735 1.327343 1.327343 24.669102 33.003513 75.150880								
230.521303 0.250009 2.220197 2.793794 2.998241 1.330216 1.330216 24.676233 33.031855 75.247211								
233.278793 0.253614 2.224546 2.780792 2.979495 1.325907 1.325907 24.676233 33.031855 75.180520								
226.427161 0.244674 2.226287 2.789456 2.991983 1.328779 1.328779 24.683365 33.060197 75.210161								
229.835445 0.249114 2.228029 2.806833 3.017071 1.334531 1.334531 24.690496 33.088538 75.217571								
231.897233 0.251807 2.224546 2.776466 2.973265 1.324472 1.324472 24.692873 33.097986 75.136059								
231.897233 0.251807 2.228029 2.776466 2.973265 1.324472 1.324472 24.697627 33.116880 75.187930								
229.150989 0.248222 2.224546 2.767826 2.960833 1.321604 1.321604 24.688119 33.079091 75.247211								
235.361717 0.256342 2.225416 2.759204 2.948437 1.318740 1.318740 24.678610 33.041302 75.165700								
231.897233 0.251807 2.224546 2.776466 2.973265 1.324472 1.324472 24.671479 33.012960 75.224981								
230.521303 0.250009 2.222805 2.776466 2.973265 1.324472 1.324472 24.680987 33.050749 75.143469								
231.208565 0.250907 2.232388 2.776466 2.973265 1.324472 1.324472 24.690496 33.088538 75.284262								
225.749694 0.243794 2.231516 2.776466 2.973265 1.324472 1.324472 24.707136 33.154669 75.247211								
229.835445 0.249114 2.226287 2.785122 2.985735 1.327343 1.327343 24.690496 33.088538 75.187930								
229.835445 0.249114 2.226287 2.754898 2.942253 1.317308 1.317308 24.695250 33.107433 75.195340								
227.786280 0.246443 2.226287 2.742007 2.923757 1.313018 1.313018 24.671479 33.012960 75.128649								
231.897233 0.251807 2.228900 2.785122 2.985735 1.327343 1.327343 24.688119 33.079091 75.180520								
231.208565 0.250907 2.227158 2.772144 2.967044 1.323038 1.323038 24.678610 33.041302 75.150880								
230.521303 0.250009 2.228029 2.759204 2.948437 1.318740 1.318740 24.669102 33.003513 75.187930								
234.665996 0.255430 2.226287 2.776466 2.973265 1.324472 1.324472 24.700004 33.126327 75.202751								
231.208565 0.250907 2.229772 2.776466 2.973265 1.324472 1.324472 24.664348 32.984618 75.136059								
229.150989 0.248222 2.226287 2.759204 2.948437 1.318740 1.318740 24.676233 33.031855 75.180520								
229.835445 0.249114 2.225416 2.793794 2.998241 1.330216 1.330216 24.692873 33.097986 75.232391								
229.150989 0.248222 2.219328 2.780792 2.979495 1.325907 1.325907 24.683365 33.060197 75.180520								
231.897233 0.251807 2.222805 2.802483 3.010785 1.333092 1.333092 24.676233 33.031855 75.128649								
232.587308 0.252709 2.221936 2.789456 2.991983 1.328779 1.328779 24.673856 33.022408 75.121239								
229.150989 0.248222 2.221066 2.789456 2.991983 1.328779 1.328779 24.695250 33.107433 75.247211								
231.897233 0.251807 2.224546 2.754898 2.942253 1.317308 1.317308 24.685742 33.069644 75.217571								
231.208565 0.250907 2.225416 2.789456 2.991983 1.328779 1.328779 24.683365 33.060197 75.202751								
233.278793 0.253614 2.222805 2.793794 2.998241 1.330216 1.330216 24.673856 33.022408 75.239801								
232.587308 0.252709 2.222805 2.772144 2.967044 1.323038 1.323038 24.688119 33.079091 75.099009								
233.971688 0.254521 2.228900 2.767826 2.960833 1.321604 1.321604 24.692873 33.097986 75.276852								
227.786280 0.246443 2.225416 2.776466 2.973265 1.324472 1.324472 24.680987 33.050749 75.321313								
227.786280 0.246443 2.223675 2.793794 2.998241 1.330216 1.330216 24.680987 33.050749 75.262032								
229.835445 0.249114 2.227158 2.798136 3.004508 1.331653 1.331653 24.685742 33.069644 75.217571								
234.665996 0.255430 2.225416 2.798136 3.004508 1.331653 1.331653 24.678610 33.041302 75.150880								
228.467935 0.247331 2.226287 2.793794 2.998241 1.330216 1.330216 24.666725 32.994066 75.202751								
233.278793 0.253614 2.226287 2.780792 2.979495 1.325907 1.325907 24.676233 33.031855 75.195340								
229.150989 0.248222 2.227158 2.759204 2.948437 1.318740 1.318740 24.678610 33.041302 75.187930								
230.521303 0.250009 2.228900 2.789456 2.991983 1.328779 1.328779 24.707136 33.154669 75.224981								
227.786280 0.246443 2.222805 2.780792 2.979495 1.325907 1.325907 24.692873 33.097986 75.136059								
231.897233 0.251807 2.233261 2.780792 2.979495 1.325907 1.325907 24.697627 33.116880 75.247211								
231.897233 0.251807 2.235880 2.776466 2.973265 1.324472 1.324472 24.685742 33.069644 75.217571								
230.521303 0.250009 2.227158 2.780792 2.979495 1.325907 1.325907 24.678610 33.041302 75.158290								
232.587308 0.252709 2.229772 2.767826 2.960833 1.321604 1.321604 24.690496 33.088538 75.232391								
229.835445 0.249114 2.225416 2.802483 3.010785 1.333092 1.333092 24.688119 33.079091 75.128649								
231.897233 0.251807 2.227158 2.772144 2.967044 1.323038 1.323038 24.685742 33.069644 75.232391								
231.208565 0.250907 2.233261 2.776466 2.973265 1.324472 1.324472 24.673856 33.022408 75.269442								
229.835445 0.249114 2.220197 2.780792 2.979495 1.325907 1.325907 24.688119 33.079091 75.306493								
231.897233 0.251807 2.237628 2.767826 2.960833 1.321604 1.321604 24.676233 33.031855 75.239801								
227.786280 0.246443 2.222805 2.789456 2.991983 1.328779 1.328779 24.697627 33.116880 75.150880								
231.208565 0.250907 2.225416 2.767826 2.960833 1.321604 1.321604 24.676233 33.031855 75.247211								
229.150989 0.248222 2.234134 2.793794 2.998241 1.330216 1.330216 24.688119 33.079091 75.217571								
229.150989 0.248222 2.228900 2.824277 3.042308 1.340293 1.340293 24.685742 33.069644 75.210161								
226.427161 0.244674 2.232388 2.754898 2.942253 1.317308 1.317308 24.690496 33.088538 75.158290								
237.457382 0.259092 2.234134 2.737718 2.917610 1.311589 1.311589 24.697627 33.116880 75.113829								
225.749694 0.243794 2.231516 2.789456 2.991983 1.328779 1.328779 24.673856 33.022408 75.180520								
229.835445 0.249114 2.227158 2.780792 2.979495 1.325907 1.325907 24.673856 33.022408 75.284262								
232.587308 0.252709 2.232388 2.763513 2.954630 1.320172 1.320172 24.690496 33.088538 75.150880								
240.271499 0.262792 2.232388 2.806833 3.017071 1.334531 1.334531 24.690496 33.088538 75.224981								
229.150989 0.248222 2.229772 2.789456 2.991983 1.328779 1.328779 24.685742 33.069644 75.143469								
227.786280 0.246443 2.235007 2.780792 2.979495 1.325907 1.325907 24.711890 33.173564 75.239801								
231.208565 0.250907 2.242875 2.798136 3.004508 1.331653 1.331653 24.688119 33.079091 75.180520								
228.467935 0.247331 2.239376 2.789456 2.991983 1.328779 1.328779 24.692873 33.097986 75.217571								
233.971688 0.254521 2.239376 2.772144 2.967044 1.323038 1.323038 24.692873 33.097986 75.202751								
233.971688 0.254521 2.244627 2.785122 2.985735 1.327343 1.327343 24.678610 33.041302 75.173110								
231.208565 0.250907 2.242000 2.780792 2.979495 1.325907 1.325907 24.704759 33.145222 75.143469								
228.467935 0.247331 2.232388 2.772144 2.967044 1.323038 1.323038 24.664348 32.984618 75.269442								
229.835445 0.249114 2.235007 2.789456 2.991983 1.328779 1.328779 24.671479 33.012960 75.217571								
228.467935 0.247331 2.235007 2.793794 2.998241 1.330216 1.330216 24.661971 32.975171 75.239801								
229.835445 0.249114 2.232388 2.811188 3.023366 1.335970 1.335970 24.692873 33.097986 75.113829								
232.587308 0.252709 2.234134 2.780792 2.979495 1.325907 1.325907 24.669102 33.003513 75.121239								
231.897233 0.251807 2.235880 2.798136 3.004508 1.331653 1.331653 24.680987 33.050749 75.262032								
229.835445 0.249114 2.235007 2.763513 2.954630 1.320172 1.320172 24.688119 33.079091 75.202751								
231.208565 0.250907 2.229772 2.780792 2.979495 1.325907 1.325907 24.671479 33.012960 75.106419								
229.835445 0.249114 2.237628 2.772144 2.967044 1.323038 1.323038 24.671479 33.012960 75.106419								
229.835445 0.249114 2.233261 2.750597 2.936079 1.315877 1.315877 24.664348 32.984618 75.113829								
227.106022 0.245558 2.234134 2.763513 2.954630 1.320172 1.320172 24.673856 33.022408 75.262032								
233.278793 0.253614 2.241125 2.793794 2.998241 1.330216 1.330216 24.669102 33.003513 75.158290								
235.361717 0.256342 2.228900 2.789456 2.991983 1.328779 1.328779 24.685742 33.069644 75.202751								
225.749694 0.243794 2.232388 2.785122 2.985735 1.327343 1.327343 24.683365 33.060197 75.084188								
233.971688 0.254521 2.233261 2.789456 2.991983 1.328779 1.328779 24.692873 33.097986 75.269442								
230.521303 0.250009 2.240250 2.759204 2.948437 1.318740 1.318740 24.676233 33.031855 75.165700								
230.521303 0.250009 2.235007 2.793794 2.998241 1.330216 1.330216 24.683365 33.060197 75.224981								
233.971688 0.254521 2.237628 2.785122 2.985735 1.327343 1.327343 24.678610 33.041302 75.150880								
232.587308 0.252709 2.228900 2.815547 3.029671 1.337411 1.337411 24.688119 33.079091 75.121239								
231.208565 0.250907 2.235007 2.767826 2.960833 1.321604 1.321604 24.680987 33.050749 75.158290								
229.150989 0.248222 2.234134 2.789456 2.991983 1.328779 1.328779 24.680987 33.050749 75.276852								
226.427161 0.244674 2.230644 2.815547 3.029671 1.337411 1.337411 24.683365 33.060197 75.202751								
229.150989 0.248222 2.235880 2.772144 2.967044 1.323038 1.323038 24.707136 33.154669 75.269442								
229.835445 0.249114 2.235007 2.780792 2.979495 1.325907 1.325907 24.678610 33.041302 75.084188								
227.786280 0.246443 2.230644 2.763513 2.954630 1.320172 1.320172 24.695250 33.107433 75.202751								
229.150989 0.248222 2.239376 2.793794 2.998241 1.330216 1.330216 24.707136 33.154669 75.284262								
232.587308 0.252709 2.236754 2.785122 2.985735 1.327343 1.327343 24.690496 33.088538 75.173110								
229.835445 0.249114 2.233261 2.789456 2.991983 1.328779 1.328779 24.707136 33.154669 75.195340								
227.786280 0.246443 2.238502 2.793794 2.998241 1.330216 1.330216 24.695250 33.107433 75.143469								
230.521303 0.250009 2.236754 2.767826 2.960833 1.321604 1.321604 24.692873 33.097986 75.165700								
231.208565 0.250907 2.231516 2.798136 3.004508 1.331653 1.331653 24.671479 33.012960 75.239801								
231.208565 0.250907 2.237628 2.772144 2.967044 1.323038 1.323038 24.688119 33.079091 75.150880								
227.786280 0.246443 2.237628 2.772144 2.967044 1.323038 1.323038 24.700004 33.126327 75.247211								
231.208565 0.250907 2.239376 2.798136 3.004508 1.331653 1.331653 24.680987 33.050749 75.106419								
231.208565 0.250907 2.238502 2.759204 2.948437 1.318740 1.318740 24.697627 33.116880 75.269442								
227.106022 0.245558 2.240250 2.776466 2.973265 1.324472 1.324472 24.695250 33.107433 75.276852								
231.897233 0.251807 2.237628 2.802483 3.010785 1.333092 1.333092 24.676233 33.031855 75.239801								
231.897233 0.251807 2.238502 2.806833 3.017071 1.334531 1.334531 24.711890 33.173564 75.202751								
231.208565 0.250907 2.238502 2.780792 2.979495 1.325907 1.325907 24.688119 33.079091 75.187930								
233.278793 0.253614 2.238502 2.815547 3.029671 1.337411 1.337411 24.702381 33.135775 75.210161								
230.521303 0.250009 2.247255 2.759204 2.948437 1.318740 1.318740 24.704759 33.145222 75.262032								
234.665996 0.255430 2.236754 2.806833 3.017071 1.334531 1.334531 24.680987 33.050749 75.195340								
230.521303 0.250009 2.242000 2.776466 2.973265 1.324472 1.324472 24.692873 33.097986 75.276852								
226.427161 0.244674 2.242875 2.793794 2.998241 1.330216 1.330216 24.678610 33.041302 75.113829								
232.587308 0.252709 2.248132 2.776466 2.973265 1.324472 1.324472 24.695250 33.107433 75.269442								
229.150989 0.248222 2.239376 2.798136 3.004508 1.331653 1.331653 24.695250 33.107433 75.247211								
230.521303 0.250009 2.242000 2.776466 2.973265 1.324472 1.324472 24.685742 33.069644 75.321313								
233.278793 0.253614 2.247255 2.772144 2.967044 1.323038 1.323038 24.704759 33.145222 75.247211								
227.106022 0.245558 2.243751 2.772144 2.967044 1.323038 1.323038 24.690496 33.088538 75.195340								
232.587308 0.252709 2.239376 2.811188 3.023366 1.335970 1.335970 24.669102 33.003513 75.187930								
228.467935 0.247331 2.240250 2.776466 2.973265 1.324472 1.324472 24.664348 32.984618 75.306493								
231.897233 0.251807 2.239376 2.772144 2.967044 1.323038 1.323038 24.673856 33.022408 75.224981								
231.208565 0.250907 2.248132 2.789456 2.991983 1.328779 1.328779 24.683365 33.060197 75.254622								
231.897233 0.251807 2.241125 2.780792 2.979495 1.325907 1.325907 24.680987 33.050749 75.069368								
230.521303 0.250009 2.244627 2.802483 3.010785 1.333092 1.333092 24.692873 33.097986 75.180520								
229.150989 0.248222 2.244627 2.776466 2.973265 1.324472 1.324472 24.692873 33.097986 75.291672								
234.665996 0.255430 2.235880 2.772144 2.967044 1.323038 1.323038 24.683365 33.060197 75.217571								
229.835445 0.249114 2.237628 2.746300 2.929913 1.314447 1.314447 24.680987 33.050749 75.224981								
229.150989 0.248222 2.240250 2.759204 2.948437 1.318740 1.318740 24.685742 33.069644 75.143469								
229.835445 0.249114 2.238502 2.785122 2.985735 1.327343 1.327343 24.690496 33.088538 75.202751								
227.786280 0.246443 2.234134 2.767826 2.960833 1.321604 1.321604 24.697627 33.116880 75.239801								
231.208565 0.250907 2.237628 2.750597 2.936079 1.315877 1.315877 24.688119 33.079091 75.210161								
227.786280 0.246443 2.240250 2.776466 2.973265 1.324472 1.324472 24.688119 33.079091 75.217571								
231.208565 0.250907 2.240250 2.789456 2.991983 1.328779 1.328779 24.683365 33.060197 75.099009								
231.208565 0.250907 2.237628 2.776466 2.973265 1.324472 1.324472 24.688119 33.079091 75.202751								
228.467935 0.247331 2.242875 2.798136 3.004508 1.331653 1.331653 24.683365 33.060197 75.247211								
227.106022 0.245558 2.239376 2.750597 2.936079 1.315877 1.315877 24.664348 32.984618 75.284262								
228.467935 0.247331 2.242000 2.802483 3.010785 1.333092 1.333092 24.714267 33.183011 75.165700								
231.208565 0.250907 2.232388 2.802483 3.010785 1.333092 1.333092 24.680987 33.050749 75.143469								
231.897233 0.251807 2.241125 2.789456 2.991983 1.328779 1.328779 24.676233 33.031855 75.173110								
232.587308 0.252709 2.235007 2.785122 2.985735 1.327343 1.327343 24.676233 33.031855 75.321313								
231.208565 0.250907 2.239376 2.763513 2.954630 1.320172 1.320172 24.664348 32.984618 75.150880								
227.786280 0.246443 2.236754 2.772144 2.967044 1.323038 1.323038 24.695250 33.107433 75.187930								
228.467935 0.247331 2.234134 2.780792 2.979495 1.325907 1.325907 24.680987 33.050749 75.076778								
231.208565 0.250907 2.237628 2.763513 2.954630 1.320172 1.320172 24.695250 33.107433 75.173110								
229.150989 0.248222 2.235880 2.815547 3.029671 1.337411 1.337411 24.700004 33.126327 75.350953								
229.150989 0.248222 2.235007 2.789456 2.991983 1.328779 1.328779 24.707136 33.154669 75.350953								
229.150989 0.248222 2.235007 2.802483 3.010785 1.333092 1.333092 24.688119 33.079091 75.232391								
229.150989 0.248222 2.238502 2.793794 2.998241 1.330216 1.330216 24.711890 33.173564 75.136059								
231.897233 0.251807 2.235880 2.793794 2.998241 1.330216 1.330216 24.704759 33.145222 75.173110								
232.587308 0.252709 2.237628 2.785122 2.985735 1.327343 1.327343 24.697627 33.116880 75.343543								
231.208565 0.250907 2.232388 2.806833 3.017071 1.334531 1.334531 24.688119 33.079091 75.276852								
230.521303 0.250009 2.241125 2.763513 2.954630 1.320172 1.320172 24.685742 33.069644 75.247211								
230.521303 0.250009 2.238502 2.802483 3.010785 1.333092 1.333092 24.683365 33.060197 75.165700								
229.835445 0.249114 2.240250 2.763513 2.954630 1.320172 1.320172 24.685742 33.069644 75.254622								
230.521303 0.250009 2.240250 2.789456 2.991983 1.328779 1.328779 24.700004 33.126327 75.239801								
226.427161 0.244674 2.236754 2.785122 2.985735 1.327343 1.327343 24.700004 33.126327 75.321313								
231.897233 0.251807 2.234134 2.772144 2.967044 1.323038 1.323038 24.716644 33.192458 75.247211								
228.467935 0.247331 2.235880 2.772144 2.967044 1.323038 1.323038 24.685742 33.069644 75.210161								
231.208565 0.250907 2.238502 2.776466 2.973265 1.324472 1.324472 24.678610 33.041302 75.180520								
230.521303 0.250009 2.235007 2.806833 3.017071 1.334531 1.334531 24.700004 33.126327 75.313903								
229.835445 0.249114 2.230644 2.772144 2.967044 1.323038 1.323038 24.673856 33.022408 75.276852								
231.897233 0.251807 2.242875 2.789456 2.991983 1.328779 1.328779 24.671479 33.012960 75.254622								
230.521303 0.250009 2.234134 2.815547 3.029671 1.337411 1.337411 24.685742 33.069644 75.150880								
231.897233 0.251807 2.237628 2.815547 3.029671 1.337411 1.337411 24.704759 33.145222 75.306493								
235.361717 0.256342 2.238502 2.785122 2.985735 1.327343 1.327343 24.692873 33.097986 75.269442								
228.467935 0.247331 2.239376 2.763513 2.954630 1.320172 1.320172 24.688119 33.079091 75.328723								
230.521303 0.250009 2.236754 2.815547 3.029671 1.337411 1.337411 24.683365 33.060197 75.180520								
230.521303 0.250009 2.239376 2.776466 2.973265 1.324472 1.324472 24.683365 33.060197 75.195340								
228.467935 0.247331 2.240250 2.785122 2.985735 1.327343 1.327343 24.695250 33.107433 75.217571								
227.786280 0.246443 2.235007 2.789456 2.991983 1.328779 1.328779 24.673856 33.022408 75.321313								
233.971688 0.254521 2.232388 2.733433 2.911472 1.310161 1.310161 24.680987 33.050749 75.187930								
229.150989 0.248222 2.232388 2.785122 2.985735 1.327343 1.327343 24.683365 33.060197 75.202751								
229.150989 0.248222 2.237628 2.772144 2.967044 1.323038 1.323038 24.680987 33.050749 75.143469								
230.521303 0.250009 2.240250 2.772144 2.967044 1.323038 1.323038 24.685742 33.069644 75.180520								
228.467935 0.247331 2.235880 2.806833 3.017071 1.334531 1.334531 24.676233 33.031855 75.254622								
230.521303 0.250009 2.234134 2.811188 3.023366 1.335970 1.335970 24.666725 32.994066 75.254622								
234.665996 0.255430 2.244627 2.772144 2.967044 1.323038 1.323038 24.685742 33.069644 75.195340								
230.521303 0.250009 2.237628 2.806833 3.017071 1.334531 1.334531 24.692873 33.097986 75.121239								
229.835445 0.249114 2.235007 2.789456 2.991983 1.328779 1.328779 24.678610 33.041302 75.158290								
230.521303 0.250009 2.235880 2.798136 3.004508 1.331653 1.331653 24.680987 33.050749 75.306493								
231.208565 0.250907 2.233261 2.772144 2.967044 1.323038 1.323038 24.673856 33.022408 75.173110								
226.427161 0.244674 2.233261 2.793794 2.998241 1.330216 1.330216 24.692873 33.097986 75.224981								
232.587308 0.252709 2.237628 2.780792 2.979495 1.325907 1.325907 24.680987 33.050749 75.076778								
227.786280 0.246443 2.238502 2.763513 2.954630 1.320172 1.320172 24.711890 33.173564 75.202751								
233.971688 0.254521 2.240250 2.802483 3.010785 1.333092 1.333092 24.692873 33.097986 75.158290								
231.208565 0.250907 2.233261 2.780792 2.979495 1.325907 1.325907 24.692873 33.097986 75.254622								
232.587308 0.252709 2.237628 2.772144 2.967044 1.323038 1.323038 24.683365 33.060197 75.150880								
229.150989 0.248222 2.234134 2.759204 2.948437 1.318740 1.318740 24.683365 33.060197 75.121239								
231.208565 0.250907 2.236754 2.798136 3.004508 1.331653 1.331653 24.697627 33.116880 75.150880								
229.835445 0.249114 2.235880 2.776466 2.973265 1.324472 1.324472 24.678610 33.041302 75.262032								
229.835445 0.249114 2.234134 2.767826 2.960833 1.321604 1.321604 24.697627 33.116880 75.150880								
232.587308 0.252709 2.229772 2.819909 3.035984 1.338852 1.338852 24.690496 33.088538 75.239801								
225.073619 0.242915 2.236754 2.776466 2.973265 1.324472 1.324472 24.692873 33.097986 75.024907								
235.361717 0.256342 2.228029 2.789456 2.991983 1.328779 1.328779 24.676233 33.031855 75.210161								
233.971688 0.254521 2.238502 2.806833 3.017071 1.334531 1.334531 24.697627 33.116880 75.254622								
229.835445 0.249114 2.236754 2.785122 2.985735 1.327343 1.327343 24.702381 33.135775 75.299082								
227.106022 0.245558 2.238502 2.785122 2.985735 1.327343 1.327343 24.700004 33.126327 75.165700								
225.073619 0.242915 2.234134 2.793794 2.998241 1.330216 1.330216 24.711890 33.173564 75.180520								
230.521303 0.250009 2.238502 2.785122 2.985735 1.327343 1.327343 24.704759 33.145222 75.232391								
229.150989 0.248222 2.235880 2.754898 2.942253 1.317308 1.317308 24.690496 33.088538 75.358364								
227.106022 0.245558 2.234134 2.780792 2.979495 1.325907 1.325907 24.671479 33.012960 75.173110								
231.897233 0.251807 2.234134 2.802483 3.010785 1.333092 1.333092 24.683365 33.060197 75.232391								
231.897233 0.251807 2.236754 2.763513 2.954630 1.320172 1.320172 24.673856 33.022408 75.143469								
226.427161 0.244674 2.233261 2.780792 2.979495 1.325907 1.325907 24.688119 33.079091 75.239801								
231.897233 0.251807 2.230644 2.780792 2.979495 1.325907 1.325907 24.709513 33.164116 75.321313								
227.786280 0.246443 2.242000 2.802483 3.010785 1.333092 1.333092 24.685742 33.069644 75.284262								
231.897233 0.251807 2.236754 2.776466 2.973265 1.324472 1.324472 24.702381 33.135775 75.180520								
231.208565 0.250907 2.239376 2.785122 2.985735 1.327343 1.327343 24.685742 33.069644 75.180520								
229.150989 0.248222 2.233261 2.785122 2.985735 1.327343 1.327343 24.690496 33.088538 75.210161								
231.897233 0.251807 2.237628 2.798136 3.004508 1.331653 1.331653 24.688119 33.079091 75.380594								
230.521303 0.250009 2.233261 2.793794 2.998241 1.330216 1.330216 24.683365 33.060197 75.247211								
231.897233 0.251807 2.239376 2.780792 2.979495 1.325907 1.325907 24.685742 33.069644 75.224981								
229.835445 0.249114 2.242875 2.780792 2.979495 1.325907 1.325907 24.690496 33.088538 75.017497								
234.665996 0.255430 2.241125 2.780792 2.979495 1.325907 1.325907 24.695250 33.107433 75.224981								
228.467935 0.247331 2.240250 2.767826 2.960833 1.321604 1.321604 24.685742 33.069644 75.284262								
230.521303 0.250009 2.242000 2.811188 3.023366 1.335970 1.335970 24.690496 33.088538 75.276852								
227.786280 0.246443 2.238502 2.780792 2.979495 1.325907 1.325907 24.680987 33.050749 75.202751								
232.587308 0.252709 2.241125 2.793794 2.998241 1.330216 1.330216 24.690496 33.088538 75.113829								
231.208565 0.250907 2.238502 2.767826 2.960833 1.321604 1.321604 24.697627 33.116880 75.128649								
231.897233 0.251807 2.239376 2.789456 2.991983 1.328779 1.328779 24.666725 32.994066 75.247211								
231.897233 0.251807 2.239376 2.763513 2.954630 1.320172 1.320172 24.678610 33.041302 75.180520								
229.835445 0.249114 2.241125 2.772144 2.967044 1.323038 1.323038 24.657216 32.956277 75.187930								
231.208565 0.250907 2.236754 2.806833 3.017071 1.334531 1.334531 24.678610 33.041302 75.047138								
231.208565 0.250907 2.236754 2.785122 2.985735 1.327343 1.327343 24.697627 33.116880 75.217571								
229.835445 0.249114 2.234134 2.763513 2.954630 1.320172 1.320172 24.680987 33.050749 75.232391								
226.427161 0.244674 2.235007 2.763513 2.954630 1.320172 1.320172 24.690496 33.088538 75.232391								
226.427161 0.244674 2.228900 2.811188 3.023366 1.335970 1.335970 24.683365 33.060197 75.121239								
231.897233 0.251807 2.231516 2.780792 2.979495 1.325907 1.325907 24.688119 33.079091 75.076778								
235.361717 0.256342 2.235007 2.772144 2.967044 1.323038 1.323038 24.664348 32.984618 75.136059								
229.835445 0.249114 2.236754 2.754898 2.942253 1.317308 1.317308 24.683365 33.060197 75.210161								
229.150989 0.248222 2.237628 2.754898 2.942253 1.317308 1.317308 24.685742 33.069644 75.158290								
229.835445 0.249114 2.224546 2.785122 2.985735 1.327343 1.327343 24.690496 33.088538 75.187930								
229.835445 0.249114 2.237628 2.776466 2.973265 1.324472 1.324472 24.676233 33.031855 75.061958								
228.467935 0.247331 2.233261 2.767826 2.960833 1.321604 1.321604 24.695250 33.107433 75.247211								
228.467935 0.247331 2.235880 2.776466 2.973265 1.324472 1.324472 24.692873 33.097986 75.239801								
233.971688 0.254521 2.228029 2.793794 2.998241 1.330216 1.330216 24.692873 33.097986 75.276852								
230.521303 0.250009 2.228900 2.793794 2.998241 1.330216 1.330216 24.692873 33.097986 75.187930								
227.786280 0.246443 2.234134 2.793794 2.998241 1.330216 1.330216 24.673856 33.022408 75.099009								
225.749694 0.243794 2.229772 2.776466 2.973265 1.324472 1.324472 24.702381 33.135775 75.150880								
233.278793 0.253614 2.231516 2.754898 2.942253 1.317308 1.317308 24.683365 33.060197 75.247211								
230.521303 0.250009 2.234134 2.763513 2.954630 1.320172 1.320172 24.671479 33.012960 75.136059								
229.835445 0.249114 2.230644 2.785122 2.985735 1.327343 1.327343 24.676233 33.031855 75.247211								
228.467935 0.247331 2.221066 2.811188 3.023366 1.335970 1.335970 24.683365 33.060197 75.039727								
227.106022 0.245558 2.232388 2.789456 2.991983 1.328779 1.328779 24.690496 33.088538 75.247211								
229.835445 0.249114 2.224546 2.824277 3.042308 1.340293 1.340293 24.704759 33.145222 75.291672								
229.835445 0.249114 2.221936 2.802483 3.010785 1.333092 1.333092 24.707136 33.154669 75.328723								
229.150989 0.248222 2.223675 2.798136 3.004508 1.331653 1.331653 24.680987 33.050749 75.180520								
230.521303 0.250009 2.222805 2.793794 2.998241 1.330216 1.330216 24.697627 33.116880 75.187930								
225.749694 0.243794 2.224546 2.793794 2.998241 1.330216 1.330216 24.673856 33.022408 75.180520								
230.521303 0.250009 2.225416 2.772144 2.967044 1.323038 1.323038 24.697627 33.116880 75.336133								
229.835445 0.249114 2.226287 2.785122 2.985735 1.327343 1.327343 24.695250 33.107433 75.254622								
229.150989 0.248222 2.230644 2.750597 2.936079 1.315877 1.315877 24.700004 33.126327 75.291672								
231.897233 0.251807 2.226287 2.776466 2.973265 1.324472 1.324472 24.692873 33.097986 75.136059								
228.467935 0.247331 2.231516 2.793794 2.998241 1.330216 1.330216 24.704759 33.145222 75.276852								
229.835445 0.249114 2.232388 2.806833 3.017071 1.334531 1.334531 24.690496 33.088538 75.284262								
229.150989 0.248222 2.238502 2.798136 3.004508 1.331653 1.331653 24.676233 33.031855 75.328723								
232.587308 0.252709 2.232388 2.772144 2.967044 1.323038 1.323038 24.690496 33.088538 75.165700								
231.897233 0.251807 2.228029 2.767826 2.960833 1.321604 1.321604 24.688119 33.079091 75.165700								
231.897233 0.251807 2.230644 2.798136 3.004508 1.331653 1.331653 24.690496 33.088538 75.180520								
232.587308 0.252709 2.232388 2.785122 2.985735 1.327343 1.327343 24.678610 33.041302 75.291672								
229.150989 0.248222 2.231516 2.815547 3.029671 1.337411 1.337411 24.683365 33.060197 75.232391								
225.073619 0.242915 2.233261 2.785122 2.985735 1.327343 1.327343 24.709513 33.164116 75.299082								
227.786280 0.246443 2.232388 2.789456 2.991983 1.328779 1.328779 24.690496 33.088538 75.121239								
229.150989 0.248222 2.232388 2.767826 2.960833 1.321604 1.321604 24.692873 33.097986 75.247211								
229.150989 0.248222 2.236754 2.789456 2.991983 1.328779 1.328779 24.688119 33.079091 75.269442								
229.150989 0.248222 2.228029 2.780792 2.979495 1.325907 1.325907 24.695250 33.107433 75.306493								
231.897233 0.251807 2.233261 2.789456 2.991983 1.328779 1.328779 24.700004 33.126327 75.113829								
229.150989 0.248222 2.231516 2.802483 3.010785 1.333092 1.333092 24.688119 33.079091 75.173110								
227.786280 0.246443 2.234134 2.789456 2.991983 1.328779 1.328779 24.685742 33.069644 75.195340								
228.467935 0.247331 2.230644 2.767826 2.960833 1.321604 1.321604 24.673856 33.022408 75.321313								
225.749694 0.243794 2.232388 2.759204 2.948437 1.318740 1.318740 24.688119 33.079091 75.210161								
231.208565 0.250907 2.228900 2.811188 3.023366 1.335970 1.335970 24.673856 33.022408 75.187930								
227.786280 0.246443 2.234134 2.798136 3.004508 1.331653 1.331653 24.683365 33.060197 75.039727								
229.150989 0.248222 2.238502 2.789456 2.991983 1.328779 1.328779 24.680987 33.050749 75.173110								
229.150989 0.248222 2.228900 2.798136 3.004508 1.331653 1.331653 24.680987 33.050749 75.239801								
233.971688 0.254521 2.233261 2.798136 3.004508 1.331653 1.331653 24.683365 33.060197 75.276852								
229.835445 0.249114 2.235880 2.776466 2.973265 1.324472 1.324472 24.685742 33.069644 75.136059								
231.897233 0.251807 2.237628 2.780792 2.979495 1.325907 1.325907 24.685742 33.069644 75.150880								
229.835445 0.249114 2.235007 2.789456 2.991983 1.328779 1.328779 24.695250 33.107433 75.158290								
229.150989 0.248222 2.241125 2.776466 2.973265 1.324472 1.324472 24.685742 33.069644 75.321313								
231.897233 0.251807 2.238502 2.802483 3.010785 1.333092 1.333092 24.673856 33.022408 75.210161								
227.786280 0.246443 2.237628 2.746300 2.929913 1.314447 1.314447 24.695250 33.107433 75.165700								
229.150989 0.248222 2.243751 2.780792 2.979495 1.325907 1.325907 24.669102 33.003513 75.069368								
226.427161 0.244674 2.244627 2.742007 2.923757 1.313018 1.313018 24.680987 33.050749 75.269442								
231.208565 0.250907 2.237628 2.780792 2.979495 1.325907 1.325907 24.688119 33.079091 75.247211								
229.835445 0.249114 2.241125 2.767826 2.960833 1.321604 1.321604 24.688119 33.079091 75.232391								
227.786280 0.246443 2.236754 2.763513 2.954630 1.320172 1.320172 24.700004 33.126327 75.195340								
227.786280 0.246443 2.235007 2.780792 2.979495 1.325907 1.325907 24.676233 33.031855 75.106419								
227.786280 0.246443 2.241125 2.763513 2.954630 1.320172 1.320172 24.690496 33.088538 75.232391								
227.106022 0.245558 2.237628 2.785122 2.985735 1.327343 1.327343 24.673856 33.022408 75.306493								
230.521303 0.250009 2.238502 2.789456 2.991983 1.328779 1.328779 24.690496 33.088538 75.269442								
228.467935 0.247331 2.244627 2.767826 2.960833 1.321604 1.321604 24.690496 33.088538 75.195340								
230.521303 0.250009 2.240250 2.798136 3.004508 1.331653 1.331653 24.683365 33.060197 75.039727								
234.665996 0.255430 2.239376 2.763513 2.954630 1.320172 1.320172 24.695250 33.107433 75.269442								
229.835445 0.249114 2.237628 2.776466 2.973265 1.324472 1.324472 24.695250 33.107433 75.358364								
231.208565 0.250907 2.240250 2.802483 3.010785 1.333092 1.333092 24.704759 33.145222 75.299082								
233.971688 0.254521 2.242875 2.789456 2.991983 1.328779 1.328779 24.695250 33.107433 75.202751								
230.521303 0.250009 2.242875 2.789456 2.991983 1.328779 1.328779 24.704759 33.145222 75.099009								
232.587308 0.252709 2.246379 2.772144 2.967044 1.323038 1.323038 24.695250 33.107433 75.173110								
227.786280 0.246443 2.235880 2.772144 2.967044 1.323038 1.323038 24.700004 33.126327 75.299082								
231.897233 0.251807 2.237628 2.798136 3.004508 1.331653 1.331653 24.678610 33.041302 75.262032								
231.897233 0.251807 2.236754 2.789456 2.991983 1.328779 1.328779 24.695250 33.107433 75.291672								
226.427161 0.244674 2.235007 2.767826 2.960833 1.321604 1.321604 24.683365 33.060197 75.143469								
229.835445 0.249114 2.244627 2.746300 2.929913 1.314447 1.314447 24.661971 32.975171 75.306493								
233.971688 0.254521 2.235007 2.780792 2.979495 1.325907 1.325907 24.697627 33.116880 75.276852								
228.467935 0.247331 2.239376 2.789456 2.991983 1.328779 1.328779 24.690496 33.088538 75.328723								
236.058854 0.257256 2.240250 2.729153 2.905343 1.308734 1.308734 24.695250 33.107433 75.173110								
233.278793 0.253614 2.237628 2.776466 2.973265 1.324472 1.324472 24.700004 33.126327 75.143469								
233.278793 0.253614 2.249886 2.780792 2.979495 1.325907 1.325907 24.685742 33.069644 75.187930								
231.897233 0.251807 2.240250 2.785122 2.985735 1.327343 1.327343 24.685742 33.069644 75.276852								
229.835445 0.249114 2.239376 2.785122 2.985735 1.327343 1.327343 24.673856 33.022408 75.247211								
229.835445 0.249114 2.240250 2.780792 2.979495 1.325907 1.325907 24.688119 33.079091 75.284262								
229.835445 0.249114 2.235880 2.785122 2.985735 1.327343 1.327343 24.692873 33.097986 75.091598								
230.521303 0.250009 2.239376 2.824277 3.042308 1.340293 1.340293 24.700004 33.126327 75.239801								
230.521303 0.250009 2.236754 2.754898 2.942253 1.317308 1.317308 24.697627 33.116880 75.217571								
231.208565 0.250907 2.237628 2.793794 2.998241 1.330216 1.330216 24.707136 33.154669 75.313903								
232.587308 0.252709 2.232388 2.793794 2.998241 1.330216 1.330216 24.695250 33.107433 75.187930								
231.897233 0.251807 2.235007 2.776466 2.973265 1.324472 1.324472 24.652462 32.937382 75.165700								
231.208565 0.250907 2.237628 2.785122 2.985735 1.327343 1.327343 24.695250 33.107433 75.165700								
228.467935 0.247331 2.231516 2.824277 3.042308 1.340293 1.340293 24.669102 33.003513 75.328723								
231.208565 0.250907 2.238502 2.772144 2.967044 1.323038 1.323038 24.680987 33.050749 75.217571								
227.106022 0.245558 2.233261 2.772144 2.967044 1.323038 1.323038 24.688119 33.079091 75.247211								
229.150989 0.248222 2.234134 2.776466 2.973265 1.324472 1.324472 24.673856 33.022408 75.047138								
231.897233 0.251807 2.236754 2.798136 3.004508 1.331653 1.331653 24.690496 33.088538 75.158290								
229.835445 0.249114 2.235880 2.763513 2.954630 1.320172 1.320172 24.678610 33.041302 75.180520								
229.835445 0.249114 2.238502 2.772144 2.967044 1.323038 1.323038 24.680987 33.050749 75.321313								
229.835445 0.249114 2.235880 2.785122 2.985735 1.327343 1.327343 24.688119 33.079091 75.091598								
231.208565 0.250907 2.233261 2.780792 2.979495 1.325907 1.325907 24.678610 33.041302 75.128649								
231.897233 0.251807 2.237628 2.776466 2.973265 1.324472 1.324472 24.690496 33.088538 75.158290								
232.587308 0.252709 2.237628 2.806833 3.017071 1.334531 1.334531 24.692873 33.097986 75.321313								
229.835445 0.249114 2.235007 2.798136 3.004508 1.331653 1.331653 24.697627 33.116880 75.269442								
231.208565 0.250907 2.235007 2.789456 2.991983 1.328779 1.328779 24.688119 33.079091 75.202751								
231.897233 0.251807 2.235880 2.798136 3.004508 1.331653 1.331653 24.671479 33.012960 75.091598								
231.897233 0.251807 2.240250 2.789456 2.991983 1.328779 1.328779 24.683365 33.060197 75.217571								
231.897233 0.251807 2.235007 2.789456 2.991983 1.328779 1.328779 24.685742 33.069644 75.262032								
231.897233 0.251807 2.236754 2.789456 2.991983 1.328779 1.328779 24.692873 33.097986 75.321313								
230.521303 0.250009 2.238502 2.780792 2.979495 1.325907 1.325907 24.688119 33.079091 75.136059								
231.208565 0.250907 2.242000 2.772144 2.967044 1.323038 1.323038 24.678610 33.041302 75.173110								
230.521303 0.250009 2.241125 2.785122 2.985735 1.327343 1.327343 24.697627 33.116880 75.202751								
225.749694 0.243794 2.236754 2.759204 2.948437 1.318740 1.318740 24.678610 33.041302 75.313903								
229.150989 0.248222 2.238502 2.785122 2.985735 1.327343 1.327343 24.683365 33.060197 75.187930								
225.749694 0.243794 2.237628 2.785122 2.985735 1.327343 1.327343 24.695250 33.107433 75.195340